320
336
335
334
337
341
338
335
335
333
335
335
334
331
327
324
324
325
324
319
314
312
311
312
310
307
304
302
301
300
302
301
296
294
292
296
294
293
288
285
282
280
280
278
279
274
271
270
270
272
275
275
277
278
283
287
293
293
294
295
299
302
305
307
304
303
305
306
307
307
304
301
300
303
302
304
302
298
298
300
302
302
304
300
298
300
302
305
308
309
310
319
345
400
500
631
854
1168
1599
2148
2814
3625
4540
5566
6701
7838
8998
10133
11317
12479
13558
14667
15628
16454
17358
18050
18498
18884
18874
18645
18086
17500
16717
15737
14851
13831
12667
11635
10482
9303
8283
7205
6171
5117
4191
3377
2682
2146
1686
1281
973
725
554
450
374
332
311
299
296
295
297
297
295
291
290
290
291
293
292
290
289
288
289
291
292
290
288
289
289
291
293
293
290
288
292
295
299
304
307
312
321
334
352
369
382
401
422
444
468
491
510
526
545
559
574
591
602
610
612
611
608
601
594
578
561
547
531
512
495
474
450
428
408
391
372
356
339
325
317
313
306
303
299
292
290
291
291
289
290
287
286
289
288
289
290
288
285
287
286
288
288
289
287
285
285
288
288
288
286
285
286
289
288
290
286
284
284
286
287
288
288
284
285
285
288
289
289
285
285
286
287
288
289
288
286
286
286
288
291
288
286
286
286
289
290
289
286
288
288
287
289
290
288
287
287
288
291
292
289
288
288
289
292
293
292
289
289
291
293
294
296
293
292
292
295
295
299
295
295
294
298
299
301
300
297
298
300
301
304
305
304
303
304
308
308
311
311
307
309
307
311
310
307
301
298
294
293
290
288
283
